Execution Times for Test 0:
Num Agents \ Actions2               10              100             1000            10000
====================================================================================================
1              5.145084        1.010896        0.100072        0.010654        0.001146
10             3.005075        0.575111        0.055973        0.006185        0.000659
100            2.757863        0.511287        0.051530        0.005677        0.000594
1000           2.596918        0.513774        0.050879        0.007014        0.005918
10000          2.612409        0.503513        0.050001        0.057002        0.059602

====================================================================================================

Execution Times for Test 1:
Num Agents \ Actions2               10              100             1000            10000
====================================================================================================
1              7.569835        1.480392        0.155276        0.016385        0.001671
10             2.890045        0.565271        0.057069        0.006261        0.000685
100            2.398757        0.464279        0.044800        0.005138        0.000573
1000           2.313401        0.437034        0.042798        0.004991        0.005302
10000          2.289717        0.448485        0.043376        0.049494        0.051955

====================================================================================================

Execution Times for Test 2:
Num Agents \ Actions2               10              100             1000            10000
====================================================================================================
1              111.038719      22.400236       2.217883        0.230666        0.029859
10             12.437092       2.547688        0.268217        0.033215        0.009482
100            2.263954        0.481518        0.055481        0.012679        0.015042
1000           1.192377        0.258950        0.032478        0.018120        0.231954
10000          1.068349        0.238486        0.036308        0.258728        2.293087

====================================================================================================

Best Performing Test Index:
Num Agents \ Actions2               10              100             1000            10000
====================================================================================================
1              0               0               0               0               0
10             1               1               0               0               0
100            2               1               1               1               1
1000           2               2               2               1               1
10000          2               2               2               1               1
