Execution Times for Test 0:
Num Agents \ Actions2               10              100             1000            10000
====================================================================================================
1              10.431008       2.794122        0.932609        0.810921        0.820597
10             7.040235        2.061637        0.935657        0.827504        0.825969
100            6.691299        2.008729        0.862340        0.849417        0.829051
1000           6.931443        1.986382        0.849619        0.818175        8.453076
10000          6.846709        2.012364        0.850793        8.306802        83.169458

====================================================================================================

Execution Times for Test 1:
Num Agents \ Actions2               10              100             1000            10000
====================================================================================================
1              47.098561       9.147133        1.038995        0.118324        0.048493
10             34.446398       6.855453        0.708812        0.118571        0.049382
100            32.861206       6.562811        0.703956        0.114736        0.050224
1000           32.184169       6.443562        0.705685        0.116940        0.515693
10000          32.822238       6.430814        0.714124        1.217252        5.003635

====================================================================================================

Execution Times for Test 2:
Num Agents \ Actions2               10              100             1000            10000
====================================================================================================
1              68.983251       13.862153       1.396497        0.164675        0.062682
10             17.971306       3.833797        0.391074        0.082354        0.051233
100            12.408171       2.500026        0.294735        0.073925        0.063049
1000           11.881401       2.369612        0.324381        0.086980        0.567840
10000          12.538151       2.451231        0.287457        0.779932        8.317759

====================================================================================================

Best Performing Test Index:
Num Agents \ Actions2               10              100             1000            10000
====================================================================================================
1              0               0               0               1               1
10             0               0               2               2               1
100            0               0               2               2               1
1000           0               0               2               2               1
10000          0               0               2               2               1
