Execution Times for Test 0:
Num Agents \ Actions2               10              100             1000            10000
====================================================================================================
1              9.575963        2.455463        0.934950        0.852000        0.849395
10             6.599996        1.990273        0.894543        0.831820        0.857609
100            6.230834        2.033596        0.873291        0.845868        0.863603
1000           6.126706        1.906889        0.875902        0.827341        8.402623
10000          6.151181        1.922789        0.853293        8.372675        84.926844

====================================================================================================

Execution Times for Test 1:
Num Agents \ Actions2               10              100             1000            10000
====================================================================================================
1              33.800218       6.757802        0.682402        0.078844        0.012077
10             23.238558       4.668147        0.472788        0.072293        0.010007
100            22.145561       4.445063        0.451556        0.059241        0.010348
1000           22.262602       4.453874        0.469993        0.059082        0.118757
10000          22.194205       4.471751        0.534759        0.565255        1.210130

====================================================================================================

Execution Times for Test 2:
Num Agents \ Actions2               10              100             1000            10000
====================================================================================================
1              63.693206       12.517133       1.256095        0.143219        0.023129
10             16.835492       3.352467        0.356120        0.046682        0.012920
100            11.672677       2.372329        0.243255        0.039171        0.021516
1000           11.213900       2.272041        0.231716        0.045941        0.304569
10000          11.156687       2.265403        0.251407        0.549961        2.959144

====================================================================================================

Best Performing Test Index:
Num Agents \ Actions2               10              100             1000            10000
====================================================================================================
1              0               0               1               1               1
10             0               0               2               2               1
100            0               0               2               2               1
1000           0               0               2               2               1
10000          0               0               2               2               1
