Execution Times for Test 0:
Num Agents \ Actions2               10              100             1000            10000
====================================================================================================
1              6.232686        1.324873        0.302700        0.265779        0.263393
10             3.454295        0.785826        0.263427        0.264990        0.283468
100            3.028861        0.755430        0.273060        0.272796        0.265824
1000           2.981249        0.771642        0.273045        0.266654        2.616457
10000          2.985950        0.749319        0.278958        2.694728        26.869601

====================================================================================================

Execution Times for Test 1:
Num Agents \ Actions2               10              100             1000            10000
====================================================================================================
1              11.665230       2.345400        0.246019        0.055516        0.047034
10             5.579565        1.123374        0.134531        0.056575        0.044069
100            4.901504        1.003869        0.141393        0.057332        0.046384
1000           4.824737        0.982770        0.139821        0.056750        0.451115
10000          4.726164        0.971886        0.135195        0.569322        4.560246

====================================================================================================

Execution Times for Test 2:
Num Agents \ Actions2               10              100             1000            10000
====================================================================================================
1              77.208981       15.225904       1.578664        0.212556        0.098877
10             12.740061       2.604699        0.309097        0.113987        0.088584
100            6.026165        1.254726        0.200764        0.100430        0.093249
1000           5.319370        1.112086        0.187472        0.101577        0.908680
10000          5.153197        1.095346        0.191574        1.008821        11.319925

====================================================================================================

Best Performing Test Index:
Num Agents \ Actions2               10              100             1000            10000
====================================================================================================
1              0               0               1               1               1
10             0               0               1               1               1
100            0               0               1               1               1
1000           0               0               1               1               1
10000          0               0               1               1               1
