Execution Times for Test 0:
Num Agents \ Actions2               10              100             1000            10000
====================================================================================================
1              3.132991        0.711379        0.156628        0.099781        0.095237
10             2.004505        0.521159        0.136537        0.099467        0.098649
100            1.910848        0.500213        0.138230        0.109097        0.109322
1000           1.963229        0.501436        0.157066        0.116072        1.111317
10000          1.941069        0.527764        0.149240        1.200158        11.188617

====================================================================================================

Execution Times for Test 1:
Num Agents \ Actions2               10              100             1000            10000
====================================================================================================
1              4.564764        0.970457        0.186123        0.102378        0.096424
10             2.388408        0.579987        0.141429        0.107790        0.103250
100            2.138845        0.552937        0.145052        0.122336        0.109353
1000           2.201563        0.558347        0.157691        0.119489        1.109971
10000          2.176786        0.567234        0.162693        1.226703        11.315012

====================================================================================================

Execution Times for Test 2:
Num Agents \ Actions2               10              100             1000            10000
====================================================================================================
1              52.086949       10.360800       1.053100        0.109247        0.014972
10             5.359656        1.067788        0.114164        0.015438        0.005777
100            0.790176        0.164419        0.023188        0.006080        0.008980
1000           0.307516        0.068053        0.012581        0.011025        0.156287
10000          0.252058        0.056382        0.016510        0.159177        1.525552

====================================================================================================

Best Performing Test Index:
Num Agents \ Actions2               10              100             1000            10000
====================================================================================================
1              0               0               0               0               2
10             0               0               2               2               2
100            2               2               2               2               2
1000           2               2               2               2               2
10000          2               2               2               2               2
