0 1.1916391 -1.3746283 -0.112479937 -0.1826706910000001
1 1.0860607000000002 -1.6231794889999998 -0.5381895140000001 -0.003915222999999961
2 0.98146632 0.529826337 -0.33950034349999997 0.05841547983000007
3 0.8844168399999998 1.93824078 -0.7089811100000002 -0.029056560000000023
4 0.7975615399999999 3.63666864 -1.0249092692 0.08556127899999998
5 0.7188740699999999 5.505142409 -1.3648122000000003 0.03353640800000003
6 0.6474744100000001 7.358221409999999 -0.9829489000000002 0.03001083300000003
7 0.5819340500000001 9.222935756 -0.8486397500000002 0.038714806899999996
8 0.5220989299999999 11.422972539999998 -0.2397208959999998 0.028186505000000008
9 0.46790768 13.792376027000003 0.02260197499999993 0.06250995899999999
10 0.41786298999999993 15.450405700000001 -0.2391674118999999 0.0701911971
11 0.37130627000000005 17.367880877 0.34309744800000014 0.09561251099999998
12 0.3280875 18.175725619999998 -0.08727493000000015 0.049396403000000005
13 0.28838312 18.485615619999997 0.6850488370000001 0.108712307
14 0.25273087 17.981281850000002 1.2647307900000002 0.04702955199999999
15 0.21930965000000005 14.862710889999999 1.3535914346000002 0.0747312845
16 0.18965177 12.07328373 1.6694948999999997 0.0857950214
17 0.16241930999999998 8.70406618 0.5170835430000001 0.041677095600000005
18 0.13657874 5.5807503899999995 0.3782842659999999 -0.0056869606329999975
19 0.114655306 2.5606528800000006 0.2645640170000001 0.0101678466
20 0.095542073 0.2834030110000001 0.42452232300000015 -0.0622683851
21 0.079866123 -2.0016504800000003 0.33977409700000005 0.01210731770000001
22 0.067343791 -3.6033610989999993 0.39465370949999984 0.012450267800000005
23 0.056628937 -4.2047126044 -0.19431158500000006 0.0081535032
24 0.047747052000000005 -6.849094510000001 -0.13240874999999996 -0.06718741000000002
25 0.040493056 -7.625895029999999 0.481171612 -0.0957753654
26 0.034362615000000006 -7.14131691 0.39965429463999996 -0.051078041899999996
27 0.029227878000000006 -9.32303327 0.06681502199999988 0.028075906600000016
28 0.024873180999999994 -11.16809673 0.11804495300000002 -0.006609850500000002
29 0.021179067999999995 -11.829541479999998 0.13945660890000017 -0.009382644700000003
30 0.01810152 -12.10518908 -0.159255716 -0.037390717340000004
31 0.015476941999999995 -13.331221899999997 -0.09749069700000008 -0.011385509000000009
32 0.013247515999999999 -14.131263849999998 -0.5164075859000001 0.044661206800000006
33 0.011340451999999999 -14.3700666 -0.4807427299999999 0.0416401501
34 0.009750568499999999 -15.27888818 -0.7459673729999998 0.03997516300000001
35 0.008409505900000001 -15.599728699999998 -0.6491503800000001 -0.045973784000000004
36 0.007243563300000001 -17.874351926 -0.44591701079999985 -0.09641377800000002
37 0.0062314202 -17.988743055 -0.0873295979999999 -0.00396427399999999
38 0.005385188999999999 -18.151050112 -0.5858964699999999 -0.046237876520000006
39 0.0046563673 -18.554237003 -0.8612177099999999 -0.008998971700000007
40 0.004026835 -19.82126289 -0.2335705516 -0.03754183449999998
41 0.0034970133000000003 -19.12936517 0.07839020599999999 0.11436286500000001
42 0.003050476 -19.875329339999997 -0.7079540669999999 0.06857317429000002
43 0.0026661862 -21.3029144 -0.6524812499999996 0.09531998409999996
44 0.0023340789 -20.33980565 -0.48821017209999995 -0.01796977220000002
45 0.0020395081000000002 -22.5604803 -1.3525044599999998 0.0421810046
46 0.0017928236999999996 -20.32576746 -1.5837899229999999 -0.02139656768000001
47 0.0015760480999999998 -21.452154801000002 -2.739266970000001 0.035547100800000016
48 0.0013859271000000004 -20.96812747 -2.3663857519999993 0.04812419750000001
49 0.0012204677 -19.921773880000003 -1.6643097599999999 0.06276619700000001
50 0.00107654594 -20.999377409999997 -1.7143181710000002 -0.021162468700000013
51 0.0009539529500000002 -21.04921351 -0.955064914 -0.04174697300000001
52 0.0008434612399999999 -19.322570400000004 -1.9517467099999999 -0.040820487000000016
53 0.0007464000699999998 -16.6787992 -1.9207311105 -0.02293072333000001
54 0.00065921484 -15.745349000000001 -0.45375389000000005 -0.15779936650999998
55 0.0005839480200000001 -14.794075 0.9028392219999999 -0.06729846800000003
56 0.0005181934300000001 -12.053314899999998 1.0469111279999999 -0.20208989399999996
57 0.00045913056 -10.276320109999999 1.5216228757999997 0.04629970999999997
58 0.00040634827999999997 -9.147004 1.7699834700000003 0.03908415449999998
59 0.00035896682000000004 -6.69988037 2.7685053999999996 -0.039700376499999954
60 0.00031696413 -4.737413199999999 2.00795058 -0.11462060419999996
61 0.00027998860999999995 -2.7336380400000007 0.98906772 -0.293158816
62 0.00024763507 -1.3074990999999994 1.65704996 -0.227579682
63 0.00021762093999999995 0.8891768000000007 0.8353812700000005 -0.16902665899999994
64 0.00019080875999999997 3.4361528 0.12077900600000029 -0.22172646000000007
65 0.00016762631 5.705759950000002 -0.3255821189999996 -0.12135683200000004
66 0.0001468793 7.18199523 0.25443350000000015 -0.125869982
67 0.000128603014 7.9181691 0.7522798099999997 -0.15083698099999998
68 0.00011217838899999999 8.81434593 0.6557604799999995 -0.07353172699999996
69 9.7625615e-05 10.649053129999997 0.8725096779999996 0.017116281000000042
70 8.483052000000001e-05 11.702056437000001 1.1491350799999995 0.07292479899999997
71 7.359055800000001e-05 12.413122999999999 2.18576371 0.16036515500000006
72 6.3610562e-05 10.501908670300002 3.0880024200000005 0.2075334015
73 5.490667099999999e-05 10.564208819000001 3.7856954570000005 0.044662570300000086
74 4.7390081999999996e-05 10.497502099999997 3.8290668229999993 0.00251570999999998
75 4.0881488e-05 8.8648677 2.3188750599999994 0.21542965699999994
76 3.4999299000000006e-05 8.24871925 1.9719343000000003 0.26994971200000006
77 3.0063840000000005e-05 7.71851197 2.8785104900000005 0.3527861647
78 2.5757459e-05 8.245116199999998 2.216681209999999 0.39609373300000006
79 2.2050777999999995e-05 9.61895711 1.91262302 0.32329360499999993
80 1.882249e-05 9.1780955 1.4591073399999994 0.28869472959999987
81 1.6206311e-05 9.08522352 1.7659391000000002 0.519383253
82 1.3857535e-05 11.4485207 2.0359654100000006 0.38233048199999986
83 1.1833428700000002e-05 13.810696659999998 2.1534726299999996 0.061451694999999924
84 1.0087022200000002e-05 15.098697690000002 0.6923782000000006 0.46069347099999985
85 8.5903997e-06 15.75461067 2.023992 0.22549842999999994
86 7.321094200000002e-06 17.818627033 0.9570341600000001 0.11719082000000001
87 6.2497651e-06 18.530090299999998 -0.7072238000000002 0.56554161
88 5.263559700000001e-06 19.18255946 -0.0645333799999999 0.33029230000000015
89 4.4648293e-06 19.29578779 0.3945855200000002 0.5714419259999999
90 3.7883380000000004e-06 22.423518887000004 0.42992347 1.0368309706
91 3.1690156e-06 22.785823400000005 -0.2743534000000001 0.9040207730000002
92 2.6450431e-06 23.4959697 0.8801469100000004 0.6271874860000001
93 2.2194768000000002e-06 22.729845750000003 1.25174936 0.278547631
94 1.8609376000000003e-06 21.848217000000005 1.6669859318000004 0.19194013
95 1.5422361299999998e-06 24.045249 3.3744377540000006 0.49184337300000003
96 1.2708887800000001e-06 26.0185732695 5.24035361 0.408463802
97 1.0493177300000002e-06 24.376338700000005 6.098279860000002 0.19469654200000006
98 8.663400500000001e-07 25.53226129 6.262186992999999 0.01662960000000015
99 7.188232499999999e-07 24.16044643 5.59662856 -0.20240241699999997
